Layers: [0.7, 0.2, 0.3, 0.2, 0.7]     Keff: 0.1254734240043037
Layers: [0.8, 0.2, 0.3, 0.2, 0.8]     Keff: 0.1489642820895881
Layers: [0.8, 0.3, 0.3, 0.3, 0.8]     Keff: 0.18017345382264474
Layers: [0.8, 0.3, 0.4, 0.3, 0.8]     Keff: 0.1850225367305131
Layers: [1.1, 0.3, 0.4, 0.3, 1.1]     Keff: 0.25960657204159066
Layers: [1.0, 0.35, 0.4, 0.35, 1.0]     Keff: 0.2492242328179954
Layers: [1.6, 0.4, 0.5, 0.4, 1.6]     Keff: 0.39481197875275265
Layers: [1.7, 0.5, 0.6, 0.5, 1.7]     Keff: 0.4328151644651231
================================================================== delta 0.01
Layers: [2.5, 0.5, 0.8, 0.5, 2.5]     Keff: 0.5154260254663906
Layers: [3.0, 0.5, 0.8, 0.5, 3.0]     Keff: 0.5414202737599123
Layers: [4.0, 0.7, 1.0, 0.7, 4.0]     Delta: 0.1     Keff: 0.5721449558643072
Layers: [5.0, 1.0, 1.5, 1.0, 5.0]     Delta: 0.1     Keff: 0.5995204818724703
Layers: [6.0, 1.5, 3.0, 1.5, 6.0]     Delta: 0.1     Keff: 0.5851463288299379
Layers: [2.0, 3.0, 1.5, 3.0, 2.0]     Delta: 0.1     Keff: 0.67433381811962
Layers: [2.0, 4.0, 2.0, 4.0, 2.0]     Delta: 0.1     Keff: 0.7018504992827863
Layers: [6.0, 3.0, 4.0, 3.0, 6.0]     Delta: 0.1     Keff: 0.6527710356486524
Layers: [2.0, 5.0, 3.0, 5.0, 2.0]     Delta: 0.1     Keff: 0.7109465005887543
Layers: [1.0, 5.0, 2.0, 5.0, 1.0]     Delta: 0.1     Keff: 0.6931683471147368
Layers: [2.0, 5.0, 2.0, 5.0, 2.0]     Delta: 0.1     Keff: 0.736404151988452
Layers: [3.0, 6.0, 3.0, 6.0, 3.0]     Delta: 0.2     Keff: 0.7584852788159544
Layers: [3.0, 7.0, 4.0, 7.0, 3.0]     Delta: 0.2     Keff: 0.7664752439279491
Layers: [7.0, 6.0, 3.0, 6.0, 7.0]     Delta: 0.2     Keff: 0.7679368775309003
Layers: [10.0, 7.0, 4.0, 7.0, 10.0]     Delta: 0.2     Keff: 0.7751734135954051
Layers: [200.0, 75.0, 150.0, 75.0, 200.0]     Delta: 5.0     Keff: 0.9259653845810515
Layers: [2000.0, 4000.0, 1000.0, 4000.0, 2000.0]     Delta: 200.0     Keff: 0.9550246116716604
Layers: [0.0, 10.0, 0.0, 10.0, 0.0]     Delta: 1.0     Keff: 0.8504140170186802
Layers: [0.0, 15.0, 0.0, 15.0, 0.0]     Delta: 0.5     Keff: 0.891419644899152
Layers: [0.0, 25.0, 0.0, 25.0, 0.0]     Delta: 0.5     Keff: 0.9163227442699242
Layers: [0.0, 35.0, 0.0, 35.0, 0.0]     Delta: 0.5     Keff: 0.923963148168334
Layers: [0.0, 100.0, 0.0, 100.0, 0.0]     Delta: 1.0     Keff: 0.9313126436329597
Layers: [0.0, 35.0, 10.0, 35.0, 0.0]     Delta: 0.5     Keff: 0.903726677117177
Layers: [10.0, 100.0, 0.0, 100.0, 10.0]     Delta: 1.0     Keff: 0.9313953449649515
Layers: [10.0, 35.0, 0.0, 35.0, 10.0]     Delta: 0.5     Keff: 0.9255063363425065
Layers: [100.0, 100.0, 0.0, 100.0, 100.0]     Delta: 1.0     Keff: 0.9313463478058687
Layers: [50.0, 15.0, 20.0, 15.0, 50.0]     Delta: 0.5     Keff: 0.8515651472354809
Layers: [50.0, 35.0, 20.0, 35.0, 50.0]     Delta: 0.5     Keff: 0.9083393477419222
Layers: [200.0, 75.0, 150.0, 75.0, 200.0]     Delta: 1.0     Keff: 0.9259477181843637
Layers: [50.0, 35.0, 40.0, 35.0, 50.0]     Delta: 0.5     Keff: 0.9083344399857799
